19 20 21 22 23 24 25 26 0 
27 28 29 30 31 32 33 34 0 
-19 1 0 
-20 2 0 
-21 3 0 
-22 4 0 
-23 5 0 
-24 6 0 
-25 7 0 
-26 8 0 
-27 2 0 
-28 3 0 
-29 4 0 
-30 5 0 
-31 6 0 
-32 7 0 
-33 8 0 
-34 9 0 
19 -27 0 
19 20 -28 0 
19 20 21 -29 0 
19 20 21 22 -30 0 
19 20 21 22 23 -31 0 
19 20 21 22 23 24 -32 0 
19 20 21 22 23 24 25 -33 0 
19 20 21 22 23 24 25 26 0 
27 28 29 30 31 32 33 34 0 
-19 1 0 
-20 2 0 
-21 3 0 
-22 4 0 
-23 5 0 
-24 6 0 
-25 7 0 
-26 8 0 
-27 2 0 
-28 3 0 
-29 4 0 
-30 5 0 
-31 6 0 
-32 7 0 
-33 8 0 
-34 9 0 
19 -27 0 
19 20 -28 0 
19 20 21 -29 0 
19 20 21 22 -30 0 
19 20 21 22 23 -31 0 
19 20 21 22 23 24 -32 0 
19 20 21 22 23 24 25 -33 0 
19 20 21 22 23 24 25 26 0 
27 28 29 30 31 32 33 34 0 
-19 1 0 
-20 2 0 
-21 3 0 
-22 4 0 
-23 5 0 
-24 6 0 
-25 7 0 
-26 8 0 
-27 2 0 
-28 3 0 
-29 4 0 
-30 5 0 
-31 6 0 
-32 7 0 
-33 8 0 
-34 9 0 
19 -27 0 
19 20 -28 0 
19 20 21 -29 0 
19 20 21 22 -30 0 
19 20 21 22 23 -31 0 
19 20 21 22 23 24 -32 0 
19 20 21 22 23 24 25 -33 0 
19 20 21 22 23 24 25 26 0 
27 28 29 30 31 32 33 34 0 
-19 1 0 
-20 2 0 
-21 3 0 
-22 4 0 
-23 5 0 
-24 6 0 
-25 7 0 
-26 8 0 
-27 2 0 
-28 3 0 
-29 4 0 
-30 5 0 
-31 6 0 
-32 7 0 
-33 8 0 
-34 9 0 
19 -27 0 
19 20 -28 0 
19 20 21 -29 0 
19 20 21 22 -30 0 
19 20 21 22 23 -31 0 
19 20 21 22 23 24 -32 0 
19 20 21 22 23 24 25 -33 0 
19 20 21 22 23 24 25 26 0 
27 28 29 30 31 32 33 34 0 
-19 1 0 
-20 2 0 
-21 3 0 
-22 4 0 
-23 5 0 
-24 6 0 
-25 7 0 
-26 8 0 
-27 2 0 
-28 3 0 
-29 4 0 
-30 5 0 
-31 6 0 
-32 7 0 
-33 8 0 
-34 9 0 
19 -27 0 
19 20 -28 0 
19 20 21 -29 0 
19 20 21 22 -30 0 
19 20 21 22 23 -31 0 
19 20 21 22 23 24 -32 0 
19 20 21 22 23 24 25 -33 0 
19 20 21 22 23 24 0 
25 26 27 28 29 30 0 
31 32 33 34 35 36 0 
37 38 39 40 41 42 0 
-19 1 0 
-20 2 0 
-21 3 0 
-22 4 0 
-23 5 0 
-24 6 0 
-25 2 0 
-26 3 0 
-27 4 0 
-28 5 0 
-29 6 0 
-30 7 0 
-31 3 0 
-32 4 0 
-33 5 0 
-34 6 0 
-35 7 0 
-36 8 0 
-37 4 0 
-38 5 0 
-39 6 0 
-40 7 0 
-41 8 0 
-42 9 0 
19 -25 0 
19 20 -26 0 
19 20 21 -27 0 
19 20 21 22 -28 0 
19 20 21 22 23 -29 0 
25 -31 0 
25 26 -32 0 
25 26 27 -33 0 
25 26 27 28 -34 0 
25 26 27 28 29 -35 0 
31 -37 0 
31 32 -38 0 
31 32 33 -39 0 
31 32 33 34 -40 0 
31 32 33 34 35 -41 0 
